dof_config:
 - joint: FFJ3
   state_topic: /sh_ffj3_inverse_dynamics_controller/state
   command_topic: /sh_ffj3_inverse_dynamics_controller/command
   dmp:
   - name: tripod_grasp
     id: 14
     nD: 4
     nBF: 5
     ab: [-132.547453,-23.025851]
     pBF: [0.156263,0.040353,0.052341,0.249529,0.078856,0.299529,0.078787,0.349529,0.061005,0.399529]
     w: [211.219365,-157.022798,84.993162,-186.225483,107.038182,-11.668665,-28.710469,58.712458,-59.794922,11.869968,161.201965,-759.520871,1066.181732,-1087.065611,478.419230,-86.177505,42.374622,221.221939,-282.177629,132.769500]
     P: [100.000000,0.000000,0.000000,1.000000]
     q0_ref: [1.581659,-0.072442,1.267285,-0.615325]
     kappa: 0.000001

 - joint: MFJ3
   state_topic: /sh_mfj3_inverse_dynamics_controller/state
   command_topic: /sh_mfj3_inverse_dynamics_controller/command
   dmp:
   - name: tripod_grasp
     id: 14
     nD: 4
     nBF: 5
     ab: [-132.547453,-23.025851]
     pBF: [0.172370,0.039738,0.050000,0.169919,0.062788,0.275135,0.064259,0.360571,0.059550,0.410571]
     w: [156.262999,20.840338,-150.618083,-83.682405,60.425915,-46.584078,-4.530116,-25.530045,0.325502,10.190114,73.849577,69.680464,-443.666488,381.080465,-146.182210,-155.901408,189.354298,58.275177,-12.030841,19.226904]
     P: [100.000000,0.000000,0.000000,1.000000]
     q0_ref: [1.152282,-0.348654,0.588567,-1.128352]
     kappa: 0.000001

